5 0.000143067
5 0.000341194
5 0.000363404
5 0.000141383
5 0.000316513
5 0.000143247
5 0.000285747
5 0.000145071
5 0.00014452
5 0.00014232
5 0.000298705
5 0.000308854
5 0.000141729
5 0.000142541
5 0.000142605
5 0.000308076
5 0.000319856
4 0.000144385
4 0.000129505
4 1.2918e-05
4 1.1474e-05
4 1.7703e-05
4 1.5147e-05
5 1.8349e-05
5 2.305e-05
5 1.8695e-05
5 2.3114e-05
5 1.8484e-05
5 2.2988e-05
5 2.3344e-05
5 2.3229e-05
5 2.2623e-05
5 2.2614e-05
5 1.7969e-05
5 2.2438e-05
5 2.2674e-05
6 1.2236e-05
6 2.3315e-05
6 2.3461e-05
6 2.332e-05
10 0.00508606
10 0.00541918
10 0.00518298
10 0.00508601
10 0.00514477
10 0.00511425
10 0.00514937
10 0.00505058
10 0.00506538
10 2.4262e-05
10 0.00505166
10 2.5917e-05
10 3.524e-05
10 0.00516365
10 0.00515917
10 0.00525638
10 0.0050995
10 0.00513288
10 0.0051466
10 0.00505759
10 0.00513571
10 0.00515108
10 0.00516202
