1.675e-05
1.5893e-05
1.5615e-05
1.663e-05
1.6059e-05
1.572e-05
1.6055e-05
1.5819e-05
1.6903e-05
1.5915e-05
1.5553e-05
1.5649e-05
1.5848e-05
1.5969e-05
1.6576e-05
1.611e-05
1.5674e-05
1.5774e-05
1.6445e-05
1.6028e-05
1.5552e-05
1.5839e-05
1.5588e-05
1.587e-05
1.5728e-05
1.581e-05
1.5583e-05
1.5287e-05
1.5929e-05
1.6074e-05
1.5954e-05
1.5984e-05
1.7032e-05
1.6184e-05
1.6159e-05
1.5398e-05
1.6064e-05
1.628e-05
1.6025e-05
1.5807e-05
1.5815e-05
1.656e-05
1.6014e-05
1.6737e-05
1.5733e-05
1.5764e-05
1.5948e-05
1.3297e-05
1.5178e-05
1.2646e-05
1.3886e-05
1.3864e-05
1.3202e-05
1.3785e-05
1.7489e-05
1.34e-05
1.5723e-05
1.5954e-05
1.6239e-05
1.588e-05
1.3064e-05
1.2952e-05
1.2507e-05
1.2708e-05
1.2222e-05
1.352e-05
1.1315e-05
1.3059e-05
1.3059e-05
1.2516e-05
2.1647e-05
1.3058e-05
1.3103e-05
1.2901e-05
1.2974e-05
