3 0.0000 0.0000 0.0000 0.0000 0.0000 0.0000 0.0000 0.0000 0.0000 0.0000 
4 13.4516 9.4293 1.6856 0.4241 0.0000 0.0000 0.0000 0.0000 0.0000 0.0000 
5 2.5044 3.7275 0.5750 0.3918 0.0000 0.0000 0.0000 0.0000 0.0000 0.0000 
6 4.0920 6.7319 2.0161 0.8415 0.0000 0.0000 0.0000 0.0000 0.0000 0.0000 
7 4.5687 1.5171 0.6770 0.0777 0.0000 0.0837 0.0000 0.0000 0.0000 0.0000 
8 5.3251 1.5790 1.1155 0.1463 0.0354 0.0008 0.0000 0.0000 0.0000 0.0000 
9 4.3616 2.7607 0.7133 0.4364 0.1194 0.0000 0.0000 0.0000 0.0000 0.0000 
10 4.8243 2.9344 0.8634 0.2336 0.0167 0.0000 0.0000 0.0000 0.0000 0.0000 
11 5.2014 1.9586 1.1939 0.1942 0.1029 0.0000 0.0117 0.0000 0.0000 0.0000 
12 6.7391 4.0711 1.2206 0.5013 0.2240 0.0000 0.0001 0.0047 0.0000 0.0000 
13 5.1213 3.9545 0.9135 1.2798 0.0712 0.0136 0.0000 0.0000 0.0000 0.0000 
14 6.7271 2.6513 1.3533 0.6012 0.3069 0.0001 0.0073 0.0000 0.0000 0.0000 
15 9.9950 6.3199 3.5223 1.0140 0.1531 0.0834 0.0910 0.0000 0.0000 0.0000 
16 6.7402 5.9785 2.9830 1.3381 0.4026 0.1658 0.1142 0.0000 0.0000 0.0000 
17 8.8863 6.7275 2.8815 1.2507 0.9121 0.1400 0.0257 0.0235 0.0000 0.0000 
18 12.8423 5.8885 3.5538 3.4116 1.8937 0.2332 0.2188 0.2244 0.0000 0.0000 
19 13.2457 11.0151 6.4341 3.4700 2.4407 1.2840 0.0809 0.0392 0.0193 0.0000 
20 9.7828 7.7076 4.7393 2.6897 1.5244 0.5356 0.2506 0.0004 0.0125 0.0000 
21 18.9615 13.1688 12.1771 4.7158 2.5471 2.1268 0.4555 0.1738 0.0001 0.0000 
22 16.1365 11.6165 9.3867 3.3346 2.6721 1.6850 0.3818 0.3294 0.0000 0.0000 
23 14.0898 9.1713 7.6199 4.8130 2.6276 1.7029 1.0618 0.3464 0.0277 0.0318 
