3 0.0000 0.0000 0.0000 0.0000 0.0000 0.0000 0.0000 0.0000 0.0000 0.0000 
4 10.8106 3.7152 0.1154 0.4607 0.0000 0.0000 0.0000 0.0000 0.0000 0.0000 
5 8.0676 3.7707 0.3753 0.1867 0.0000 0.0000 0.0000 0.0000 0.0000 0.0000 
6 7.0414 1.3444 1.9215 0.5064 0.0000 0.0000 0.0000 0.0000 0.0000 0.0000 
7 2.8817 2.0844 0.3225 0.1810 0.0122 0.0000 0.0000 0.0000 0.0000 0.0000 
8 3.2046 1.1097 0.6778 0.1886 0.0144 0.0000 0.0000 0.0000 0.0000 0.0000 
9 5.4828 1.8159 0.9313 0.3160 0.0001 0.0000 0.0000 0.0000 0.0000 0.0000 
10 5.4154 1.9535 0.6263 0.2399 0.0780 0.0354 0.0354 0.0000 0.0000 0.0000 
11 3.5276 1.4664 0.5767 0.2323 0.0399 0.0004 0.0004 0.0000 0.0000 0.0000 
12 7.4552 4.0066 2.9536 0.3933 0.2487 0.0000 0.0000 0.0000 0.0000 0.0000 
13 6.2093 4.4431 2.4848 0.5071 0.6863 0.0332 0.0000 0.0000 0.0000 0.0000 
14 6.1871 4.8417 1.4064 0.7897 0.2976 0.0003 0.0000 0.0000 0.0000 0.0000 
15 16.8052 6.8105 4.9748 1.8202 0.3009 0.0000 0.0000 0.0000 0.0000 0.0000 
16 12.3629 4.8529 3.7861 1.4522 0.8028 0.1357 0.0000 0.0167 0.0000 0.0000 
17 11.8388 6.5939 3.8521 1.1275 1.2309 0.2143 0.0178 0.0002 0.0000 0.0000 
18 9.8286 7.5294 5.1443 2.0300 0.9835 0.1182 0.0693 0.0129 0.0081 0.0000 
19 9.8724 9.8598 5.4520 2.6119 1.6811 0.3603 0.2537 0.1723 0.1568 0.0000 
20 14.8655 8.5813 4.2556 3.1881 2.5152 0.7599 0.3574 0.0517 0.0507 0.0000 
21 16.2118 13.3209 9.6758 5.0224 1.4676 0.6246 0.0640 0.0754 0.0005 0.0000 
22 17.4527 14.2140 9.0548 7.6176 3.0675 1.5509 0.6117 0.1538 0.0335 0.0832 
23 15.3784 11.8982 8.6128 5.6216 4.0131 1.3899 0.5021 0.2404 0.2619 0.0269
