3 185 182 129 128 
4 243 241 181 182 
5 341 339 277 276 
6 416 415 357 370 
7 524 526 495 483 
8 635 640 624 638 
9 815 870 830 915 
10 963 1021 1011 1093 
11 1106 1165 1259 1268 
12 1285 1405 1353 1551 
13 1468 1635 1685 1894 
14 1663 1822 1896 2140 
15 1897 2123 2114 2590 
16 2123 2348 2442 2650 
17 2375 2646 2862 3160 
18 2655 2954 3049 3572 
19 2945 3280 3507 3974 
20 3204 3534 3857 4404 
21 3539 3952 4366 5145 
22 3813 4203 4721 5184 
23 4140 4593 4836 5609 
24 4488 4993 5325 6139 
25 4786 5289 5666 6501 
26 5186 5803 6250 7145 
27 5587 6216 6547 7322 
28 6039 6745 7217 8320 
29 6417 7152 8419 8481 
30 6841 7576 8591 9447 
31 7284 8068 9431 10294 
32 7707 8548 9783 10932 
33 8522 9502 10522 12702 
34 9010 9975 11384 11868 
35 9557 10621 11711 13499 
36 10034 11137 13222 13988 
37 10573 11845 13135 15214 
38 11153 12506 13891 15466 
39 11629 12948 14348 15816 
40 12439 13742 15861 18728 
41 12854 14374 16342 16803 
42 13514 15053 16545 19418 
43 14098 15604 17909 20647 
44 14849 16357 17956 20446 
45 15367 16919 19485 21848 
46 15952 17720 20130 22373 
47 17008 18752 21600 23772 
48 17587 19385 23704 25028 
49 18382 20393 23347 25125 
50 19242 21276 24214 26639 
51 20125 22193 24264 28142 
52 20548 22541 26226 29128 
53 21629 23884 26309 31264 
54 22330 24669 26733 30515 
55 23404 25738 27381 32412 
56 24394 26776 29594 34804 
57 24946 27435 31406 34956 
58 26087 28570 32105 36265 
59 26838 29472 32699 37157 
60 27984 30716 34913 37518 
61 29148 31944 37841 37582 
62 29843 32676 37082 41781 
63 30421 33503 39403 40571 
64 31765 35026 39864 43148 
65 33004 36456 45099 43925 
66 33405 36689 39067 46339 
67 34798 38247 41888 46040 
68 35950 39447 43530 50425 
69 36952 40666 44602 50656 
70 37826 41592 48516 52939 
71 39155 42722 47736 50063 
72 40671 44818 49688 54610 
73 41804 45723 53631 57485 
74 42576 46670 49379 57677 
75 43800 48021 54725 58751 
76 44975 49229 52632 60501 
77 47150 51336 56416 60544 
78 47708 52318 60592 62344 
79 48924 53928 58942 67160 
80 50340 55145 63822 68996 
81 50490 55313 65117 70113 
82 52689 57507 65168 69636 
83 53160 58027 65618 75892 
84 53734 59026 68146 71121 
85 56953 62436 74790 76671 
86 59187 64431 74339 80304 
87 60114 65080 74832 80611 
88 61247 66750 78092 85377 
89 64801 70426 82681 85586 
90 64374 70182 74928 93828 
91 65541 71403 82457 90212 
92 65795 71636 80208 89592 
93 69405 75513 85365 88269 
94 71914 77878 90641 94998 
95 72596 78942 92654 103395 
96 74454 81279 93715 106928 
97 76022 82622 93051 110943 
98 77655 84598 99565 104802 
99 77486 84647 98231 97878 
100 80982 87821 103225 114107 
