3 183 181 133 130 
4 246 244 184 187 
5 341 339 282 275 
6 423 422 373 376 
7 533 534 515 518 
8 669 670 642 662 
9 879 899 852 940 
10 968 1033 1030 1185 
11 1120 1182 1135 1351 
12 1285 1402 1344 1538 
13 1482 1637 1595 1843 
14 1673 1833 1784 2109 
15 1954 2191 2070 2568 
16 2149 2384 2576 2643 
17 2411 2705 2920 3269 
18 2710 3001 3122 3700 
19 2955 3283 3191 3789 
20 3262 3603 3723 4333 
21 3557 3944 4245 4754 
22 3872 4296 4823 5310 
23 4173 4594 5017 5668 
24 4516 5032 5492 5947 
25 4872 5481 6493 6595 
26 5246 5823 6374 7207 
27 5617 6223 6995 7787 
28 6044 6755 7258 7865 
29 6459 7258 7980 8783 
30 6849 7625 8477 9269 
31 7327 8206 9115 10285 
32 7763 8648 9631 10916 
33 8595 9588 10626 12500 
34 9001 10058 10819 12823 
35 9563 10714 12435 12711 
36 10066 11249 12532 13760 
37 10706 11969 13626 14939 
38 11117 12370 13394 15213 
39 11630 12915 13827 15940 
40 12303 13712 15814 17321 
41 13051 14490 17036 17667 
42 13714 15109 18573 19459 
43 14262 15601 17187 19836 
44 14983 16556 18092 20457 
45 15588 17184 19448 22561 
46 16178 17885 20134 21490 
47 16915 18709 21708 22717 
48 17666 19415 21666 24788 
49 18285 20067 23968 24724 
50 18842 20878 21513 27488 
51 19864 21929 25754 26013 
52 20710 22918 26709 28995 
53 21395 23494 26762 30141 
54 22369 24644 28381 31464 
55 23622 25948 29949 31558 
56 24314 26645 28927 33250 
57 24815 27335 32448 34656 
58 25843 28452 33406 36148 
59 26892 29556 33333 37692 
60 27818 30475 33991 38139 
61 28863 31674 35012 38482 
62 30163 33046 37785 41646 
63 30714 33506 38852 40864 
64 31756 35027 37009 42130 
65 33086 36343 41115 50648 
66 34056 37343 45405 49566 
67 34716 38228 40372 47629 
68 36152 39745 41745 47941 
69 37463 40952 45095 51882 
70 38074 41788 46343 51966 
71 39246 42780 46239 54854 
72 40288 44109 48984 52139 
73 42086 45847 49644 59078 
74 43210 47279 53046 59087 
75 43377 47746 55287 59090 
76 44570 48894 54847 57863 
77 47104 51364 65101 61916 
78 47449 51796 62137 65500 
79 48523 52968 62639 67870 
80 49869 54511 63502 68127 
81 50879 55513 63617 70499 
82 52391 57756 64383 73481 
83 54875 59592 69475 70628 
84 54926 60209 72161 73100 
85 56977 61911 70826 80839 
86 58029 63656 68547 79727 
87 59318 64804 73740 79033 
88 59773 65780 71592 85179 
89 62939 68368 75226 84830 
90 62885 68701 78122 86061 
91 66418 72232 78608 91406 
92 66844 72870 87972 89374 
93 68313 74712 86766 92638 
94 72359 78512 87973 96672 
95 74044 79992 98209 104308 
96 74206 80707 91622 103149 
97 75941 82843 92438 105603 
98 77532 84243 94777 107589 
99 78598 85701 97965 101395 
100 81241 88467 101107 111156 
