2 1 1 2 2 3 4 4 5 5 6 
3 1 2 2 3 3 4 4 5 5 6 
4 1 2 2 3 4 4 5 5 6 6 
5 2 2 3 3 4 4 5 5 6 6 
6 2 2 3 3 4 5 5 6 6 6 
7 2 3 4 4 4 5 5 6 7 7 
8 2 3 4 4 5 5 6 6 7 7 
9 2 3 4 5 5 6 6 7 7 8 
10 3 3 4 5 5 6 6 7 7 8 
11 19 3 4 5 5 6 7 7 7 8 
12 21 4 5 5 6 7 7 7 8 8 
13 24 4 5 5 6 7 7 8 8 9 
14 26 4 5 6 6 7 8 8 8 9 
15 28 4 5 6 6 7 7 8 9 9 
16 31 5 6 6 7 7 8 9 9 9 
17 35 5 6 6 7 7 8 9 9 10 
18 37 5 6 7 7 8 9 9 10 10 
19 40 6 7 7 8 8 9 9 10 10 
20 42 6 7 8 8 9 9 10 10 11 
21 45 53 8 8 8 9 9 10 10 11 
22 48 56 8 8 9 9 10 10 11 11 
23 50 59 8 8 9 10 10 11 11 12 
24 53 62 8 9 9 10 10 11 11 12 
25 56 66 8 9 10 10 11 11 11 12 
26 59 69 9 9 10 10 11 11 12 13 
27 62 73 9 9 10 11 11 12 12 13 
28 65 76 9 10 10 11 11 12 12 13 
29 68 80 9 10 11 11 12 12 13 13 
30 72 83 10 10 11 11 12 12 13 14 
31 75 87 101 10 11 11 12 12 13 14 
32 79 91 105 11 11 12 12 13 13 14 
33 85 98 112 11 11 12 12 13 13 14 
34 88 102 117 11 11 12 12 13 14 14 
35 92 106 121 11 12 12 13 13 14 14 
36 96 110 126 12 12 13 13 13 14 15 
37 100 114 130 12 12 13 13 14 15 15 
38 104 118 135 12 13 13 14 14 15 15 
39 107 122 139 12 13 13 14 14 15 15 
40 111 127 144 12 13 13 14 15 15 16 
41 115 131 149 165 13 14 14 15 15 16 
42 121 137 154 169 13 14 15 15 15 16 
43 125 142 159 175 14 14 15 15 16 16 
44 130 147 164 180 14 15 15 16 16 17 
45 134 152 169 186 14 15 15 16 16 17 
46 138 156 174 191 14 15 16 16 17 17 
47 143 162 180 197 15 15 16 16 17 18 
48 147 166 184 203 15 16 16 17 17 18 
49 152 172 191 209 16 16 16 17 18 18 
50 157 177 196 215 16 16 17 17 18 18 
51 162 182 201 221 240 17 17 17 18 19 
52 167 187 207 227 247 17 17 18 18 19 
53 172 193 213 234 254 17 18 18 19 19 
54 177 198 219 240 261 17 18 18 19 19 
55 182 204 225 246 267 18 18 19 19 20 
56 187 209 231 252 274 18 18 19 19 20 
57 193 215 237 259 281 18 19 19 20 20 
58 198 221 243 265 288 18 19 19 20 20 
59 203 226 250 271 294 19 19 20 20 21 
60 208 231 255 278 302 19 20 20 20 21 
61 214 237 261 284 308 331 20 20 21 21 
62 220 244 268 292 315 339 20 20 21 21 
63 225 249 275 298 322 347 20 21 21 22 
64 231 255 280 305 329 354 21 21 21 22 
65 242 266 292 316 340 366 21 21 22 22 
66 248 272 298 323 347 373 21 22 22 22 
67 254 278 305 330 355 380 21 22 22 23 
68 260 285 312 337 363 388 22 22 23 23 
69 266 291 318 344 370 396 22 22 23 23 
70 272 298 325 352 379 404 22 23 23 24 
71 279 305 332 358 385 412 439 23 23 24 
72 284 311 339 366 393 420 447 23 24 24 
73 291 318 346 374 402 429 456 23 24 24 
74 297 324 353 381 409 436 465 24 24 24 
75 304 331 360 389 417 446 473 24 24 25 
76 311 338 368 397 425 453 482 24 25 25 
77 317 345 375 404 432 462 490 24 25 25 
78 323 352 382 411 440 470 499 25 25 26 
79 330 359 390 419 449 478 508 25 26 26 
80 337 366 396 427 457 487 517 25 26 26 
81 346 376 406 437 467 498 529 560 26 27 
82 353 382 413 445 475 507 538 568 26 27 
83 359 390 421 453 485 516 547 580 27 27 
84 367 397 429 462 494 526 558 588 27 27 
85 374 404 438 471 504 535 567 600 27 28 
86 381 412 446 479 511 544 578 610 27 28 
87 389 420 454 487 521 552 586 619 28 28 
88 396 428 462 496 530 563 595 630 28 29 
89 403 435 470 504 538 572 605 640 28 29 
90 411 444 479 513 547 580 615 650 28 29 
91 418 451 486 521 556 590 624 659 694 29 
92 427 461 495 529 565 600 635 670 705 30 
93 434 468 504 539 575 610 645 680 716 30 
94 442 475 511 548 583 619 654 689 724 30 
95 450 483 520 556 594 629 664 700 736 31 
96 458 492 529 566 604 639 675 712 749 30 
97 467 501 537 574 611 648 685 721 758 31 
98 475 510 546 584 622 658 696 733 770 31 
99 483 518 554 592 631 668 705 743 780 32 
100 491 527 564 603 641 679 717 754 792 32 
