1.30803e+07
0
0
1.30858e+07
1.65816e+06
1.66481e+06
1.61973e+06
6.19454e+06
6.19531e+06
6.26282e+06
1.3173e+07
1.3226e+07
1.30995e+07
1.68283e+06
1.65134e+06
1.66826e+06
6.24149e+06
6.31588e+06
6.23661e+06
1.32048e+07
1.31783e+07
1.31778e+07
1.65445e+06
1.68006e+06
1.68421e+06
6.26586e+06
6.32607e+06
6.32037e+06
1.3313e+07
1.33056e+07
1.33136e+07
1.6693e+06
1.66999e+06
1.70621e+06
6.27745e+06
6.32444e+06
6.32568e+06
1.33746e+07
1.33643e+07
1.331e+07
1.69644e+06
1.6695e+06
1.66699e+06
6.35908e+06
6.2712e+06
6.34073e+06
1.35125e+07
1.34241e+07
1.34227e+07
1.73474e+06
1.68904e+06
1.72761e+06
6.40662e+06
6.4422e+06
6.39866e+06
1.35191e+07
1.34584e+07
1.35124e+07
1.68063e+06
1.71806e+06
1.72746e+06
6.46144e+06
6.40771e+06
6.45079e+06
1.35363e+07
1.36252e+07
1.36144e+07
1.70449e+06
1.74856e+06
1.71498e+06
6.52156e+06
6.43545e+06
6.50282e+06
1.37071e+07
1.36976e+07
1.36428e+07
1.73115e+06
1.74327e+06
1.69153e+06
6.50695e+06
6.57766e+06
6.5369e+06
1.37986e+07
1.37837e+07
1.36899e+07
1.75127e+06
1.75564e+06
1.73255e+06
6.57602e+06
6.63286e+06
6.55424e+06
1.38203e+07
1.38858e+07
1.38793e+07
1.7453e+06
1.72321e+06
1.7389e+06
6.62115e+06
6.55502e+06
6.60498e+06
1.39746e+07
1.39705e+07
1.39655e+07
1.75428e+06
1.76738e+06
1.7549e+06
6.63072e+06
6.61367e+06
6.66653e+06
1.39433e+07
1.40402e+07
1.39991e+07
1.78247e+06
1.75416e+06
1.78611e+06
6.73549e+06
6.70799e+06
6.67872e+06
1.40783e+07
1.4058e+07
1.41014e+07
1.79569e+06
1.77232e+06
1.77865e+06
6.71512e+06
6.69267e+06
6.7491e+06
1.42042e+07
1.41288e+07
1.41019e+07
1.80067e+06
1.8224e+06
1.81163e+06
6.7631e+06
6.75712e+06
6.76856e+06
1.42906e+07
1.43978e+07
1.42784e+07
1.80562e+06
1.81532e+06
1.7706e+06
6.83088e+06
6.77998e+06
6.83306e+06
1.43694e+07
1.43469e+07
1.43912e+07
1.81485e+06
1.83005e+06
1.80443e+06
6.87704e+06
6.86039e+06
6.86059e+06
1.44684e+07
1.45055e+07
1.4407e+07
1.82094e+06
1.84053e+06
1.83423e+06
6.88862e+06
6.91883e+06
6.92611e+06
1.45158e+07
1.45914e+07
1.45198e+07
1.8004e+06
1.88523e+06
1.85765e+06
6.91831e+06
6.91476e+06
6.90927e+06
1.45838e+07
1.4597e+07
1.457e+07
1.8637e+06
1.85295e+06
1.84585e+06
6.978e+06
6.93036e+06
6.98508e+06
1.46837e+07
1.47008e+07
1.47287e+07
1.87494e+06
1.87667e+06
1.85138e+06
7.01455e+06
7.00309e+06
7.00156e+06
1.4747e+07
1.475e+07
1.48288e+07
1.89501e+06
1.84648e+06
1.88916e+06
7.03441e+06
6.99011e+06
7.0589e+06
1.48708e+07
1.48477e+07
1.48558e+07
1.884e+06
1.91834e+06
1.91057e+06
7.16043e+06
7.1522e+06
7.1199e+06
1.4894e+07
1.4992e+07
1.49303e+07
1.8906e+06
1.90699e+06
1.91329e+06
7.09059e+06
7.11511e+06
7.13763e+06
1.49803e+07
1.50367e+07
1.50555e+07
1.92466e+06
1.90215e+06
1.91996e+06
7.18461e+06
7.17958e+06
7.16566e+06
1.517e+07
1.50952e+07
1.51207e+07
1.90096e+06
1.8974e+06
1.89653e+06
7.2384e+06
7.20531e+06
7.21362e+06
1.5188e+07
1.52127e+07
1.51865e+07
1.93598e+06
1.9424e+06
1.97393e+06
7.19035e+06
7.27269e+06
7.21583e+06
1.5289e+07
1.53186e+07
1.53483e+07
1.98589e+06
1.94091e+06
1.93931e+06
7.32073e+06
7.28849e+06
7.31796e+06
1.53286e+07
1.5377e+07
1.53946e+07
1.95701e+06
1.95354e+06
1.92089e+06
7.31402e+06
7.38228e+06
7.39738e+06
1.53797e+07
1.55207e+07
1.55333e+07
1.9909e+06
1.9577e+06
1.98334e+06
7.37479e+06
7.40953e+06
7.39381e+06
1.55262e+07
1.54848e+07
1.55803e+07
1.98734e+06
1.9627e+06
1.95251e+06
7.41238e+06
7.39396e+06
7.41521e+06
1.56688e+07
1.56194e+07
1.55885e+07
1.99408e+06
1.97272e+06
2.00974e+06
7.46315e+06
7.47858e+06
7.45596e+06
1.57755e+07
1.56902e+07
1.57252e+07
2.03331e+06
1.99145e+06
2.01191e+06
7.51338e+06
7.53388e+06
7.52932e+06
1.58179e+07
1.5851e+07
1.58422e+07
2.03809e+06
2.00819e+06
1.98194e+06
7.56117e+06
7.57429e+06
7.53724e+06
1.5917e+07
1.58806e+07
1.58984e+07
2.03336e+06
2.04348e+06
2.00731e+06
7.55147e+06
7.61986e+06
7.5632e+06
1.59754e+07
1.5993e+07
1.59253e+07
2.0538e+06
2.0352e+06
2.01618e+06
7.691e+06
7.69041e+06
7.61338e+06
1.60602e+07
1.60803e+07
1.61255e+07
2.05735e+06
2.05474e+06
2.05636e+06
7.66764e+06
7.67855e+06
7.64873e+06
1.61782e+07
1.62011e+07
1.61483e+07
2.05733e+06
2.08593e+06
2.04315e+06
7.69836e+06
7.70573e+06
7.77952e+06
1.62415e+07
1.62222e+07
1.61775e+07
2.05612e+06
2.08641e+06
2.09971e+06
7.73189e+06
7.81006e+06
7.78259e+06
1.62792e+07
1.63771e+07
1.62979e+07
2.0861e+06
2.0598e+06
2.08598e+06
7.79245e+06
7.72448e+06
7.78238e+06
1.6403e+07
1.63859e+07
1.64486e+07
2.09133e+06
2.05899e+06
2.10718e+06
7.84703e+06
7.85553e+06
7.83507e+06
1.64853e+07
1.64963e+07
1.65263e+07
2.0984e+06
2.09765e+06
2.10214e+06
7.8877e+06
7.91645e+06
7.89436e+06
1.66713e+07
1.66611e+07
1.6636e+07
2.09768e+06
2.11518e+06
2.09915e+06
7.9427e+06
7.88862e+06
8.00067e+06
1.66959e+07
1.6687e+07
1.66979e+07
2.1062e+06
2.14369e+06
2.15052e+06
7.99147e+06
7.97326e+06
7.96243e+06
1.67473e+07
1.68719e+07
1.68343e+07
2.17256e+06
2.13347e+06
2.14535e+06
8.04776e+06
8.02927e+06
8.03684e+06
1.68636e+07
1.68799e+07
1.68636e+07
2.18095e+06
2.17914e+06
2.16123e+06
8.06121e+06
8.07804e+06
8.07833e+06
1.69602e+07
1.70199e+07
1.70156e+07
2.15819e+06
2.1694e+06
2.15351e+06
8.17956e+06
8.15387e+06
8.07198e+06
1.70549e+07
1.70717e+07
1.69966e+07
2.18138e+06
2.14031e+06
2.21874e+06
8.14757e+06
8.16342e+06
8.18952e+06
1.71659e+07
1.71566e+07
1.71942e+07
2.18075e+06
2.20138e+06
2.17891e+06
8.25563e+06
8.15464e+06
8.20917e+06
1.72458e+07
1.7195e+07
1.72227e+07
2.20934e+06
2.22586e+06
2.20355e+06
8.2659e+06
8.23387e+06
8.2671e+06
1.74274e+07
1.728e+07
1.73613e+07
2.19739e+06
2.19345e+06
2.23286e+06
8.32224e+06
8.32829e+06
8.32142e+06
1.73972e+07
1.73939e+07
1.73701e+07
2.23806e+06
2.22257e+06
2.27044e+06
8.32169e+06
8.38064e+06
8.34269e+06
1.75898e+07
1.75088e+07
1.74974e+07
2.26529e+06
2.25517e+06
2.24294e+06
8.40307e+06
8.41787e+06
8.4028e+06
1.76542e+07
1.76311e+07
1.76127e+07
2.2818e+06
2.25897e+06
2.24986e+06
8.39438e+06
8.38909e+06
8.38842e+06
1.77148e+07
1.77149e+07
1.77776e+07
2.2726e+06
2.28589e+06
2.27653e+06
8.49844e+06
8.53542e+06
8.54836e+06
1.78083e+07
1.78069e+07
1.77116e+07
2.26886e+06
2.2473e+06
2.32135e+06
8.56369e+06
8.51622e+06
8.5757e+06
1.78986e+07
1.79452e+07
1.79731e+07
2.3175e+06
2.3024e+06
2.28137e+06
8.49632e+06
8.56966e+06
8.5733e+06
1.79395e+07
1.79974e+07
1.80279e+07
2.29587e+06
2.3166e+06
2.30968e+06
8.66349e+06
8.53921e+06
8.59778e+06
1.80433e+07
1.80701e+07
1.8054e+07
2.32222e+06
2.29889e+06
2.30481e+06
8.60362e+06
8.64587e+06
8.65991e+06
1.82281e+07
1.81768e+07
1.81484e+07
2.33656e+06
2.30168e+06
2.34176e+06
8.74167e+06
8.67869e+06
8.68759e+06
1.82577e+07
1.82889e+07
1.82903e+07
2.33615e+06
2.33994e+06
2.36009e+06
8.70444e+06
8.77618e+06
8.75026e+06
1.84233e+07
1.83801e+07
1.83455e+07
2.37385e+06
2.34533e+06
2.40766e+06
8.81212e+06
8.80273e+06
8.79019e+06
1.84182e+07
1.84012e+07
1.85067e+07
2.36483e+06
2.39171e+06
2.32567e+06
8.80426e+06
8.77296e+06
8.81276e+06
1.85594e+07
1.85883e+07
1.85402e+07
2.42387e+06
2.38106e+06
2.39311e+06
8.84404e+06
8.89913e+06
8.87083e+06
1.86823e+07
1.85803e+07
1.87367e+07
2.42862e+06
2.39788e+06
2.39457e+06
8.88108e+06
8.91456e+06
8.8871e+06
1.86541e+07
1.87306e+07
1.88079e+07
2.40286e+06
2.39403e+06
2.41681e+06
9.0036e+06
8.94066e+06
8.94426e+06
1.88529e+07
1.88237e+07
1.88469e+07
2.4352e+06
2.45114e+06
2.39979e+06
9.04143e+06
9.00198e+06
9.04374e+06
1.89618e+07
1.89922e+07
1.89381e+07
2.40264e+06
2.41898e+06
2.43015e+06
9.04403e+06
9.08128e+06
9.09522e+06
1.90435e+07
1.91102e+07
1.91041e+07
2.43898e+06
2.45266e+06
2.46055e+06
9.0938e+06
9.08806e+06
9.09842e+06
1.92555e+07
1.91664e+07
1.91078e+07
2.47289e+06
2.46546e+06
2.48184e+06
9.16063e+06
9.19611e+06
9.16166e+06
1.92833e+07
1.93014e+07
1.92797e+07
2.44294e+06
2.44554e+06
2.48532e+06
9.16668e+06
9.17496e+06
9.20808e+06
1.94109e+07
1.93365e+07
1.9256e+07
2.47141e+06
2.49412e+06
2.47172e+06
9.27558e+06
9.19716e+06
9.27582e+06
1.94481e+07
1.93963e+07
1.9432e+07
2.47711e+06
2.5003e+06
2.48678e+06
9.23966e+06
9.29599e+06
9.32509e+06
1.95504e+07
1.94659e+07
1.95945e+07
2.53066e+06
2.50331e+06
2.50343e+06
9.36923e+06
9.33917e+06
9.3059e+06
1.96714e+07
1.96057e+07
1.96121e+07
2.52257e+06
2.49079e+06
2.53019e+06
9.37132e+06
9.39691e+06
9.35088e+06
1.97016e+07
1.97218e+07
1.97021e+07
2.55393e+06
2.51374e+06
2.53404e+06
9.4187e+06
9.4436e+06
9.43182e+06
1.97721e+07
1.98296e+07
1.97948e+07
2.55552e+06
2.56826e+06
2.58692e+06
9.53904e+06
9.52624e+06
9.46026e+06
2.0016e+07
1.99063e+07
2.00353e+07
2.61692e+06
2.54124e+06
2.53911e+06
9.513e+06
9.4938e+06
9.58878e+06
1.99909e+07
1.99691e+07
1.9984e+07
2.59266e+06
2.57348e+06
2.6131e+06
9.5397e+06
9.68616e+06
9.51612e+06
2.00884e+07
2.01477e+07
2.00885e+07
2.53449e+06
2.57409e+06
2.60764e+06
9.60939e+06
9.72307e+06
9.63337e+06
2.01926e+07
2.01594e+07
2.02615e+07
2.61121e+06
2.59513e+06
2.64909e+06
9.70913e+06
9.72615e+06
9.72144e+06
2.03148e+07
2.02629e+07
2.02738e+07
2.60267e+06
2.64562e+06
2.64303e+06
9.73324e+06
9.6905e+06
9.68388e+06
2.0463e+07
2.03976e+07
2.05243e+07
2.65722e+06
2.61372e+06
2.60502e+06
9.75233e+06
9.76505e+06
9.64967e+06
2.04719e+07
2.05067e+07
2.04895e+07
2.64928e+06
2.63509e+06
2.65254e+06
9.90636e+06
9.90027e+06
9.84921e+06
2.06357e+07
2.04864e+07
2.06208e+07
2.65486e+06
2.6826e+06
2.64389e+06
9.86178e+06
9.86058e+06
9.91284e+06
2.06457e+07
2.07224e+07
2.06434e+07
2.67075e+06
2.70082e+06
2.68266e+06
9.95682e+06
9.97953e+06
9.94225e+06
2.08579e+07
2.07978e+07
2.07641e+07
2.66701e+06
2.71822e+06
2.71475e+06
1.00298e+07
1.00598e+07
9.90234e+06
2.09142e+07
2.08868e+07
2.10085e+07
2.70938e+06
2.69814e+06
2.67126e+06
1.01327e+07
1.00542e+07
1.0055e+07
2.10271e+07
2.1077e+07
2.09635e+07
2.68605e+06
2.69595e+06
2.73823e+06
1.00432e+07
1.00504e+07
1.01209e+07
2.11593e+07
2.1064e+07
2.11948e+07
2.73941e+06
2.74151e+06
2.71932e+06
1.01309e+07
1.01668e+07
1.01261e+07
2.12002e+07
2.12779e+07
2.11679e+07
2.73617e+06
2.75983e+06
2.70644e+06
1.01556e+07
1.02051e+07
1.01907e+07
2.12666e+07
2.13681e+07
2.13548e+07
2.77654e+06
2.7696e+06
2.72775e+06
1.02158e+07
1.0245e+07
1.02685e+07
2.15107e+07
2.12921e+07
2.14312e+07
2.76821e+06
2.75291e+06
2.72779e+06
1.02985e+07
1.02656e+07
1.02569e+07
2.1519e+07
2.15374e+07
2.15615e+07
2.77722e+06
2.81256e+06
2.82659e+06
1.03177e+07
1.02593e+07
1.03365e+07
2.16586e+07
2.16689e+07
2.16294e+07
2.83546e+06
2.80529e+06
2.81045e+06
1.0367e+07
1.03555e+07
1.03553e+07
2.18521e+07
2.17791e+07
2.18303e+07
2.79108e+06
2.75717e+06
2.82215e+06
1.04254e+07
1.04188e+07
1.04597e+07
2.17275e+07
2.18077e+07
2.17968e+07
2.83458e+06
2.85077e+06
2.80352e+06
1.05113e+07
1.05429e+07
1.04848e+07
2.20475e+07
2.19e+07
2.18471e+07
2.84118e+06
2.79531e+06
2.82744e+06
1.04234e+07
1.04932e+07
1.0628e+07
2.21467e+07
2.20091e+07
2.2116e+07
2.84049e+06
2.83702e+06
2.84302e+06
1.05614e+07
1.0517e+07
1.06261e+07
2.21753e+07
2.21805e+07
2.21166e+07
2.86205e+06
2.86171e+06
2.87328e+06
1.06169e+07
1.06111e+07
1.0653e+07
2.21862e+07
2.22737e+07
2.22829e+07
2.85702e+06
2.86899e+06
2.88335e+06
1.07184e+07
1.06118e+07
1.06986e+07
2.2481e+07
2.24431e+07
2.23188e+07
2.88245e+06
2.90105e+06
2.90483e+06
1.07442e+07
1.07123e+07
1.07361e+07
2.23708e+07
2.24558e+07
2.24235e+07
2.89198e+06
2.92032e+06
2.91677e+06
1.08041e+07
1.06759e+07
1.07544e+07
2.26392e+07
2.25874e+07
2.25755e+07
2.92052e+06
2.90819e+06
2.89163e+06
1.07951e+07
1.08616e+07
1.0823e+07
2.27323e+07
2.26308e+07
2.28098e+07
2.92452e+06
2.91873e+06
2.94036e+06
1.08921e+07
1.08505e+07
1.08549e+07
2.27722e+07
2.2762e+07
2.27112e+07
2.94834e+06
2.98253e+06
2.94115e+06
1.09407e+07
1.08793e+07
1.09263e+07
2.29948e+07
2.28463e+07
547146
574611
543712
2.19878e+06
2.18186e+06
2.19243e+06
4.68402e+06
4.68892e+06
4.65313e+06
568027
567805
552356
2.25398e+06
2.20656e+06
2.21748e+06
4.81716e+06
4.79456e+06
4.82077e+06
575944
590637
570875
2.26522e+06
2.27073e+06
2.29155e+06
4.89999e+06
4.87887e+06
4.89123e+06
604280
579769
598339
2.35177e+06
161331
163752
158535
884924
882445
877238
2.11315e+06
2.15688e+06
2.12246e+06
154562
172858
156833
910065
894123
871656
2.15384e+06
2.16283e+06
2.17776e+06
169913
173911
161208
914914
919643
900911
2.18284e+06
2.23008e+06
2.23325e+06
164270
178731
164926
942412
913085
936531
2.24702e+06
2.27294e+06
2.27098e+06
177328
176334
187193
953431
952055
961084
2.32105e+06
2.32633e+06
2.29991e+06
185128
179930
183254
965831
966042
977349
2.35459e+06
2.37265e+06
2.35048e+06
188602
181997
181870
983794
984643
986832
2.41141e+06
2.41933e+06
2.37635e+06
191208
191182
197968
1.00667e+06
1.03952e+06
999747
2.44817e+06
2.4561e+06
2.46611e+06
188872
185251
192914
1.04868e+06
1.0182e+06
1.04219e+06
2.4986e+06
2.50073e+06
2.49408e+06
208820
205280
196532
1.05857e+06
1.06008e+06
1.03216e+06
2.5111e+06
2.54714e+06
2.5282e+06
205559
196428
201627
1.07191e+06
1.07503e+06
1.06946e+06
2.61628e+06
2.59969e+06
2.58262e+06
201732
208620
204458
1.09561e+06
1.09631e+06
1.10564e+06
2.63377e+06
2.62338e+06
2.63686e+06
212197
219924
211455
1.12277e+06
1.11971e+06
1.14264e+06
2.73069e+06
2.689e+06
2.70427e+06
213493
213362
226060
1.14229e+06
1.15207e+06
1.17765e+06
2.73984e+06
2.71076e+06
2.75891e+06
211677
216106
217139
1.18348e+06
1.17118e+06
1.15182e+06
2.80798e+06
2.80086e+06
2.76612e+06
229073
222929
220731
1.19349e+06
1.19052e+06
1.17175e+06
2.86566e+06
2.84444e+06
2.84675e+06
234799
217892
228338
1.23363e+06
1.19911e+06
1.23004e+06
2.90208e+06
2.88181e+06
2.89022e+06
240482
230620
234888
1.20468e+06
1.26256e+06
1.22466e+06
2.93293e+06
2.95003e+06
2.96052e+06
245118
246130
232475
1.24965e+06
1.23578e+06
1.23763e+06
53666
59627
48786
469569
484662
475191
1.30272e+06
1.29523e+06
1.29333e+06
61106
57798
59384
482889
484842
482191
1.3133e+06
1.32377e+06
1.32323e+06
50812
55341
59698
485284
490074
503807
1.36617e+06
1.35758e+06
1.35339e+06
61964
66727
71835
511089
509731
504977
1.40564e+06
1.3822e+06
1.37896e+06
65082
67576
64113
535552
498457
522962
1.40329e+06
1.40123e+06
1.40187e+06
63723
61693
66685
538192
532316
524994
1.44084e+06
1.45382e+06
1.45024e+06
66713
75434
65984
549000
540480
529389
1.4591e+06
1.47048e+06
1.48795e+06
71112
68879
62221
545992
574548
563225
1.52203e+06
1.48846e+06
1.51677e+06
69458
64286
70507
574164
577324
581387
1.55648e+06
1.52356e+06
1.53457e+06
72087
70420
75627
599947
583541
574201
1.57411e+06
1.53483e+06
1.54284e+06
76175
75879
75315
591108
593095
593750
1.60077e+06
1.58829e+06
1.6049e+06
76085
73808
76078
607206
595209
599319
1.6221e+06
1.62181e+06
1.63472e+06
84762
76731
85453
611561
626608
632599
1.6473e+06
1.66463e+06
1.64427e+06
82654
82151
82302
615013
626417
642588
1.7106e+06
1.68972e+06
1.69407e+06
92247
72428
83268
656682
642456
672126
1.71349e+06
1.71093e+06
1.73047e+06
90405
89680
88613
638776
657213
657830
1.75308e+06
1.74121e+06
1.72185e+06
83278
93054
86701
678791
666695
681463
1.78513e+06
1.79087e+06
1.80497e+06
88506
88215
90849
683658
667543
702269
1.79923e+06
1.80202e+06
1.83683e+06
94911
91009
100757
694464
677797
687879
1.86564e+06
1.85989e+06
1.83934e+06
101139
100094
92887
725313
718931
728798
1.90874e+06
1.87369e+06
1.87934e+06
103172
99384
94604
738143
725242
734056
1.90504e+06
1.90424e+06
1.9359e+06
101931
102972
99519
749471
751769
732599
1.96257e+06
1.95237e+06
1.95352e+06
104270
112370
108289
744605
754564
755337
1.98063e+06
1.98664e+06
2.00497e+06
109082
102678
111448
738123
754402
782672
2.02273e+06
2.02794e+06
2.01918e+06
118385
115499
109353
781783
790370
790959
2.03421e+06
2.07221e+06
2.08787e+06
112610
122842
111506
801588
780302
798765
2.09141e+06
2.06475e+06
2.08067e+06
107646
115463
114924
799624
813354
815738
2.14592e+06
2.09645e+06
2.11828e+06
109502
126047
115527
840003
834556
816973
2.16602e+06
2.1771e+06
2.15024e+06
123754
124582
118481
826078
850117
847185
2.19969e+06
2.20062e+06
2.19165e+06
125137
127025
121179
855303
834823
850085
2.24597e+06
2.26453e+06
2.25621e+06
117601
125662
131663
843081
868875
851758
2.2819e+06
2.27388e+06
2.27514e+06
132050
122724
137254
888118
873194
865409
2.30851e+06
2.29697e+06
2.31202e+06
130536
130396
128035
891990
903895
894579
2.33581e+06
2.32524e+06
2.32225e+06
135960
132927
121536
910945
927347
930796
2.36404e+06
2.39068e+06
2.38593e+06
132958
128208
132884
934701
940460
953610
2.42865e+06
2.4443e+06
2.39553e+06
145227
132923
134684
954392
927344
948079
2.46067e+06
2.48093e+06
2.48053e+06
138414
140885
136127
965043
986961
975948
2.50666e+06
2.4915e+06
2.51818e+06
140474
148647
152812
972375
991497
986769
2.51651e+06
2.52719e+06
2.52514e+06
138714
142879
147507
1.00086e+06
1.01555e+06
995684
2.55148e+06
2.58256e+06
2.57927e+06
146959
159388
140838
1.02972e+06
992185
1.03203e+06
2.61243e+06
2.62999e+06
2.63404e+06
148986
155931
149106
1.03687e+06
1.05219e+06
1.02877e+06
2.65761e+06
2.6683e+06
2.65113e+06
145938
162803
158278
1.03017e+06
1.05788e+06
1.07203e+06
2.7164e+06
2.68297e+06
2.6693e+06
165057
162527
171402
1.06916e+06
1.05542e+06
1.05784e+06
2.7671e+06
2.72305e+06
2.7755e+06
166313
156026
172543
1.08451e+06
1.08215e+06
1.09854e+06
2.80064e+06
2.79385e+06
2.78497e+06
163671
162156
164700
1.11012e+06
1.08513e+06
1.08e+06
2.83024e+06
2.84856e+06
2.82012e+06
169594
173816
158518
1.101e+06
1.11555e+06
1.09932e+06
2.8869e+06
2.87134e+06
2.86538e+06
166868
178623
169491
1.12913e+06
1.13942e+06
1.14266e+06
2.90418e+06
2.91512e+06
2.91899e+06
173573
171828
165988
1.15152e+06
1.15525e+06
1.14376e+06
2.93777e+06
2.95216e+06
2.93974e+06
180811
174876
189539
1.15319e+06
1.1973e+06
1.16602e+06
2.96621e+06
2.99047e+06
2.99168e+06
173883
180806
185172
1.18499e+06
1.17555e+06
1.19149e+06
3.03774e+06
3.04909e+06
3.03318e+06
185135
178400
181119
1.19879e+06
1.2252e+06
1.22408e+06
3.08199e+06
3.09092e+06
3.07993e+06
197974
187828
175989
1.22341e+06
1.21151e+06
1.24242e+06
3.11228e+06
3.137e+06
3.13344e+06
195977
198543
184555
1.25046e+06
1.26271e+06
1.2376e+06
3.182e+06
3.16012e+06
3.15732e+06
197453
203562
194307
1.25421e+06
1.27625e+06
1.27698e+06
3.23769e+06
3.19982e+06
3.19513e+06
195643
205272
190759
1.26864e+06
1.26919e+06
1.27092e+06
3.20842e+06
3.25833e+06
3.25727e+06
211730
218228
203952
1.30369e+06
1.31182e+06
1.31024e+06
3.30582e+06
3.29787e+06
3.29266e+06
209390
205724
203650
1.35013e+06
1.32251e+06
1.31644e+06
3.3114e+06
3.35471e+06
3.38022e+06
203377
211951
217067
1.3397e+06
1.3445e+06
1.33839e+06
3.38089e+06
3.40819e+06
3.34601e+06
209053
213633
209767
1.34845e+06
1.34511e+06
1.37522e+06
3.4448e+06
3.45507e+06
3.44598e+06
212777
217203
215953
1.39374e+06
1.39568e+06
1.36947e+06
3.48235e+06
3.4893e+06
3.5047e+06
228735
234288
228789
1.38768e+06
1.39693e+06
1.39772e+06
3.52353e+06
3.52392e+06
3.53666e+06
226724
220627
227559
1.40908e+06
1.3943e+06
1.3992e+06
3.56936e+06
3.5865e+06
3.59678e+06
215291
235063
237371
1.44535e+06
1.41697e+06
1.42652e+06
3.59498e+06
3.62596e+06
3.59195e+06
226442
235745
239783
1.4516e+06
1.47824e+06
1.4704e+06
3.68705e+06
3.67458e+06
3.69781e+06
220985
260271
235055
1.48105e+06
1.48479e+06
1.47758e+06
3.72838e+06
3.73444e+06
3.71174e+06
242380
252663
247823
1.51332e+06
1.51085e+06
1.53843e+06
3.79009e+06
3.76275e+06
3.75173e+06
242734
253432
252764
1.50935e+06
1.53134e+06
1.51783e+06
3.82542e+06
3.7998e+06
3.83025e+06
252997
265292
235438
1.5493e+06
1.53838e+06
1.51378e+06
3.85948e+06
3.86792e+06
3.84169e+06
260471
257796
241026
1.55726e+06
1.54169e+06
1.54605e+06
3.93984e+06
3.88156e+06
3.90492e+06
268182
266695
258012
1.58977e+06
1.54398e+06
1.5968e+06
3.95727e+06
3.9888e+06
3.99376e+06
271086
253060
274685
1.57852e+06
1.5849e+06
1.57653e+06
4.00556e+06
4.05613e+06
4.00516e+06
255165
255734
273989
1.6374e+06
1.632e+06
1.60625e+06
4.03459e+06
4.08045e+06
4.06985e+06
264749
269732
278087
1.62194e+06
1.64235e+06
1.63346e+06
4.09419e+06
4.10514e+06
4.11063e+06
270310
271076
280980
1.67936e+06
1.68367e+06
1.64256e+06
4.14946e+06
4.13133e+06
4.14281e+06
269901
261319
274900
1.67558e+06
1.68445e+06
1.70209e+06
4.20575e+06
4.20178e+06
4.21225e+06
294541
266184
278011
1.71065e+06
1.72544e+06
1.72794e+06
4.25351e+06
4.2563e+06
4.27698e+06
290340
284857
283157
1.76569e+06
1.75256e+06
1.71471e+06
4.3417e+06
4.28739e+06
4.32968e+06
283036
295974
278339
1.74801e+06
1.76843e+06
1.76257e+06
4.34904e+06
4.36156e+06
4.3792e+06
281265
303356
306690
1.78528e+06
1.76386e+06
1.75007e+06
4.41579e+06
4.43591e+06
4.442e+06
291991
292257
298842
1.81231e+06
1.79678e+06
1.80164e+06
4.43174e+06
4.49898e+06
4.43887e+06
305561
308878
292659
1.82499e+06
1.82635e+06
1.84537e+06
4.49765e+06
4.55662e+06
4.50389e+06
298173
306096
316511
1.86519e+06
1.80941e+06
1.8487e+06
4.55297e+06
4.57119e+06
4.5762e+06
322733
312954
317520
1.87625e+06
1.87948e+06
1.8654e+06
4.59813e+06
4.65807e+06
4.61713e+06
312972
315642
312784
1.88815e+06
1.8744e+06
1.87252e+06
4.68506e+06
4.72253e+06
4.67486e+06
319103
324522
315215
1.89397e+06
1.91558e+06
1.94491e+06
4.76946e+06
4.68588e+06
4.73988e+06
330529
333887
319153
1.95173e+06
1.91187e+06
1.91907e+06
4.80094e+06
4.78435e+06
4.78102e+06
332840
332045
332022
1.95756e+06
1.93726e+06
2.02681e+06
4.85991e+06
4.83932e+06
4.8333e+06
343509
354052
321294
1.98126e+06
1.98042e+06
1.97725e+06
4.8701e+06
4.929e+06
4.91998e+06
345431
340687
341097
1.97471e+06
2.0257e+06
1.9947e+06
4.92957e+06
4.97944e+06
4.99641e+06
350988
346400
346938
1.98831e+06
