5   1.0
6   1.0
7   1.0
8   1.0
9   1.0
10   1.0
11   1.0
12   1.0
13   1.0
14   1.0
15   1.0
16   1.0
17   1.0
18   1.0
19   1.0
20   1.0
21   1.0
22   1.0
23   1.0
24   1.0
25   1.0
26   1.0
27   1.0
28   1.0
29   1.0
30   1.0
31   1.0
32   1.0
33   1.0
34   1.0
35   1.0
36   1.0
37   1.0
38   1.0
39   1.0
40   1.0
41   1.0
42   1.0
43   1.0
44   1.0
45   1.0
46   1.0
47   1.0
48   1.0
49   1.0
50   1.0
51   1.0
52   1.0
53   1.0
54   1.0
55   1.0
56   1.0
57   1.0
58   1.0
59   1.0
60   1.0
61   1.0
62   1.0
63   1.0
64   1.0
65   1.0
66   1.0
67   1.0
68   1.0
69   1.0
70   1.0
71   1.0
72   1.0
73   1.0
74   1.0
75   1.0
76   1.0
77   1.0
78   1.0
79   1.0
80   1.0
81   1.0
82   1.0
83   1.0
84   1.0
85   1.0
86   1.0
87   1.0
88   1.0
89   1.0
90   1.0
91   1.0
92   1.0
93   1.0
94   1.0
95   1.0
96   1.0
97   1.0
98   1.0
99   1.0
100   1.0
101   1.0
102   1.0
103   1.0
104   1.0
105   1.0
106   1.0
107   1.0
108   1.0
109   1.0
110   1.0
111   0.999995502567
112   1.0
113   1.0
114   1.0
115   1.0
116   1.0
117   1.0
118   1.0
119   0.999988056377
120   0.999998873354
121   1.00000332684
122   0.999998374962
123   1.0
124   0.999997352433
125   1.0
126   0.99993715113
127   0.999975614883
128   0.999975706032
129   0.999956206911
130   1.00000048094
131   0.999995547553
132   0.999968632888
133   0.999958050881
134   0.99996811641
135   0.999918620123
136   0.99999231217
137   1.00000085672
138   0.999960059079
139   0.999909670498
140   0.999987807288
141   0.999919160924
142   0.999840584808
143   1.00001436343
144   0.999920095141
145   0.999964305479
146   0.999995824216
147   1.00010644659
148   0.999960557768
149   0.99991723901
150   0.999995049046
151   0.999918776757
152   0.999923732252
153   0.999801510011
154   1.00000577232
155   0.999968726855
156   0.999939520218
157   0.999855944068
158   0.999874435754
159   0.999942203555
160   0.999927431528
161   0.999924002026
162   0.999839795871
163   0.999963338233
164   1.00000112804
165   0.999944893322
166   0.999874167078
167   1.00000664505
168   0.999844161842
169   0.999848426811
170   0.999982986959
171   0.999854220561
172   0.999909744822
173   0.99974466731
174   1.00001589171
175   1.00016489606
176   1.00006029644
177   0.999858994981
178   0.999833497059
179   0.999891205175
180   0.999833523627
181   0.999988857625
182   0.999850024683
183   0.999826533412
184   0.999943010072
185   0.999749574095
186   0.999901600423
187   0.99973279193
188   0.999832044848
189   0.999603309012
190   1.0000882659
191   0.999787125438
192   1.00015498037
193   0.99978836222
194   0.999838411932
195   1.00006416347
196   0.999819070072
197   0.999672076042
198   0.999716016107
199   0.99955133291
200   0.999769177663
201   0.999642103167
202   1.00011792539
203   0.999997205229
204   0.999855488001
205   0.999687464827
206   0.999852918594
