0.0456884
0.00449252
0.00419916
0.0140254
0.00376087
0.0420613
0.0286706
0.00506121
0.00158749
0.000378501
0.0304492
0.0115892
0.0523941
0.0207317
0.0225284
0.00381747
0.037579
0.0360457
0.028085
0.0017213
0.0191001
0.0284711
0.0467084
0.00546736
0.0442235
0.00112864
0.00144365
0.0107662
0.0282392
0.00531682
0.0171642
0.00453393
0.0403868
0.0284975
0.0437373
0.0502011
0.0141752
0.0131699
0.0453858
0.046421
0.00493912
0.0030231
0.0228738
0.0424589
0.0458115
0.011458
0.0350628
0.0481516
0.000116003
0.0110523
0.0051556
0.0316011
0.0088354
0.033902
0.0343537
0.033101
0.0227286
0.0225859
0.0502589
0.0123591
0.025972
0.0436897
0.0196059
0.000338439
0.0447878
0.00323266
0.0373792
0.00268439
0.0368872
0.0495682
0.0317944
0.000180961
0.00333651
0.0480175
0.028519
0.0319186
0.0301067
0.0122214
0.0419159
0.0172942
0.011907
0.000140009
0.0293659
0.023827
0.0134044
0.00213851
0.000292713
0.0105379
0.00439948
0.00105015
0.0224185
0.00390909
0.00865671
0.00271105
0.0131854
0.0182895
0.0366321
0.00326477
0.0341889
0.0371828
0.00849158
0.0270797
